RMSD_CONVERGENCE(1HQ2_PH2): 0.86925860273973
RMSD_CONVERGENCE(1HVY_D16): 0.86925860273973
RMSD_CONVERGENCE(1L2S_STC): 0.9999887625
RMSD_CONVERGENCE(1L7F_BCZ): 0.9999887625
RMSD_CONVERGENCE(1OWE_675): 0.99683855291577
RMSD_CONVERGENCE(1OYT_FSN): 0.99683855291577
RMSD_CONVERGENCE(1SG0_STL): 0.97951425365854
RMSD_CONVERGENCE(1SJ0_E4D): 0.97951425365854

TOTAL_PROTEIN_NTH   NUM_FAIL    SUCCESS_RATE
85                  8           90.6%

# << Code >>
awk '{print $2}' RMSD_convergence.csv | sort | uniq -d | grep -f - RMSD_convergence.csv