RMSD_CONVERGENCE(1G9V_RQ3): 1.3912233333333
RMSD_CONVERGENCE(1GKC_NFH): 1.2101594583333
RMSD_CONVERGENCE(1GM8_SOX): 1.1613345
RMSD_CONVERGENCE(1GPK_HUP): 0.89731986666667
RMSD_CONVERGENCE(1HNN_SKF): 0.85532586206897
RMSD_CONVERGENCE(1HP0_AD3): 0.91254269117647
RMSD_CONVERGENCE(1HQ2_PH2): 0.86925860273973
RMSD_CONVERGENCE(1HVY_D16): 0.86925860273973
RMSD_CONVERGENCE(1HWI_115): 0.85560253846154
RMSD_CONVERGENCE(1HWW_SWA): 0.81344337
RMSD_CONVERGENCE(1IA1_TQ3): 0.83643308181818
RMSD_CONVERGENCE(1IG3_VIB): 0.869732352
RMSD_CONVERGENCE(1J3J_CP6): 0.85336103100775
RMSD_CONVERGENCE(1JD0_AZM): 0.86509200735294
RMSD_CONVERGENCE(1JJE_BYS): 0.92434778807947
RMSD_CONVERGENCE(1JLA_TNK): 0.89892010062893
RMSD_CONVERGENCE(1K3U_IAD): 0.96002819337017
RMSD_CONVERGENCE(1KE5_LS1): 0.95762421393035
RMSD_CONVERGENCE(1KZK_JE2): 1.0238042334802
RMSD_CONVERGENCE(1L2S_STC): 0.9999887625
RMSD_CONVERGENCE(1L7F_BCZ): 0.9999887625
RMSD_CONVERGENCE(1LPZ_CMB): 0.99068170682731
RMSD_CONVERGENCE(1LRH_NLA): 0.97908896590909
RMSD_CONVERGENCE(1M2Z_DEX): 0.97532817537313
RMSD_CONVERGENCE(1MEH_MOA): 0.98024427881041
RMSD_CONVERGENCE(1MMV_3AR): 1.0372935288136
RMSD_CONVERGENCE(1MZC_BNE): 1.0786058366667
RMSD_CONVERGENCE(1N1M_A3M): 1.0631964528302
RMSD_CONVERGENCE(1N2J_PAF): 1.0584795333333
RMSD_CONVERGENCE(1N2V_BDI): 1.0489904710744
RMSD_CONVERGENCE(1N46_PFA): 1.0411665564516
RMSD_CONVERGENCE(1NAV_IH5): 1.0208039896907
RMSD_CONVERGENCE(1OF1_SCT): 1.0286868241206
RMSD_CONVERGENCE(1OF6_DTY): 1.0147467694175
RMSD_CONVERGENCE(1OPK_P16): 1.01797570726
RMSD_CONVERGENCE(1OQ5_CEL): 1.0112839130435
RMSD_CONVERGENCE(1OWE_675): 0.99683855291577
RMSD_CONVERGENCE(1OYT_FSN): 0.99683855291577
RMSD_CONVERGENCE(1P2Y_NCT): 0.99340492066806
RMSD_CONVERGENCE(1P62_GEO): 0.99254452066116
RMSD_CONVERGENCE(1PMN_984): 1.0049766639676
RMSD_CONVERGENCE(1Q1G_MTI): 1.0107673632735
RMSD_CONVERGENCE(1Q41_IXM): 1.0033812637795
RMSD_CONVERGENCE(1Q4G_BFL): 0.98095281060606
RMSD_CONVERGENCE(1R1H_BIR): 0.98003158195212
RMSD_CONVERGENCE(1R55_097): 0.9880550972973
RMSD_CONVERGENCE(1R58_AO5): 0.99027836445242
RMSD_CONVERGENCE(1R9O_FLP): 0.98997497945205
RMSD_CONVERGENCE(1S19_MC9): 0.99351560136286
RMSD_CONVERGENCE(1S3V_TQD): 0.98864256384743
RMSD_CONVERGENCE(1SG0_STL): 0.97951425365854
RMSD_CONVERGENCE(1SJ0_E4D): 0.97951425365854
RMSD_CONVERGENCE(1SQ5_PAU): 0.98703391826923
RMSD_CONVERGENCE(1SQN_NDR): 0.97957077301587
RMSD_CONVERGENCE(1T40_ID5): 1.0081671569231
RMSD_CONVERGENCE(1T46_STI): 1.0077717153614
RMSD_CONVERGENCE(1T9B_1CS): 1.0127986493314
RMSD_CONVERGENCE(1TOW_CRZ): 1.0062086472303
RMSD_CONVERGENCE(1TT1_KAI): 1.0097842720695
RMSD_CONVERGENCE(1TZ8_DES): 0.97712746896552
RMSD_CONVERGENCE(1U1C_BAU): 0.97887074289581
RMSD_CONVERGENCE(1U4D_DBQ): 0.97887217297297
RMSD_CONVERGENCE(1UML_FR4): 0.9799770412783
RMSD_CONVERGENCE(1UNL_RRC): 0.98310043573265
RMSD_CONVERGENCE(1UOU_CMU): 0.98629337229987
RMSD_CONVERGENCE(1V0P_PVB): 0.99156776309227
RMSD_CONVERGENCE(1V48_HA1): 0.99464523124231
RMSD_CONVERGENCE(1V4S_MRK): 1.0031689578821
RMSD_CONVERGENCE(1VCJ_IBA): 1.0021987857143
RMSD_CONVERGENCE(1W1P_GIO): 0.98950153223916
RMSD_CONVERGENCE(1W2G_THM): 0.99183055516841
RMSD_CONVERGENCE(1X8X_TYR): 0.9860015290764
RMSD_CONVERGENCE(1XM6_5RM): 0.98933059106145
RMSD_CONVERGENCE(1XOQ_ROF): 0.98793168879217
RMSD_CONVERGENCE(1XOZ_CIA): 0.98831402605863
RMSD_CONVERGENCE(1Y6B_AAX): 1.0136498154825
RMSD_CONVERGENCE(1YGC_905): 1.0358491858316
RMSD_CONVERGENCE(1YQY_915): 1.0364949210526
RMSD_CONVERGENCE(1YV3_BIT): 1.0284877354709
RMSD_CONVERGENCE(1YVF_PH7): 1.0241737611497
RMSD_CONVERGENCE(1YWR_LI9): 1.0234066068966
RMSD_CONVERGENCE(1Z95_198): 1.0211443709519
RMSD_CONVERGENCE(2BM2_PM2): 1.0301671150527
RMSD_CONVERGENCE(2BR1_PFP): 1.0279470123692
RMSD_CONVERGENCE(2BSM_BSM): 1.0283359858491
