RMSD_CONVERGENCE(1HQ2_PH2): 1.9832110857143
RMSD_CONVERGENCE(1HVY_D16): 1.9832110857143
RMSD_CONVERGENCE(1IA1_TQ3): 1.8375930612245
RMSD_CONVERGENCE(1IG3_VIB): 1.8375930612245
RMSD_CONVERGENCE(1J3J_CP6): 1.8375930612245
RMSD_CONVERGENCE(1L2S_STC): 1.8054083584906
RMSD_CONVERGENCE(1L7F_BCZ): 1.8054083584906
RMSD_CONVERGENCE(1M2Z_DEX): 1.8500141440678
RMSD_CONVERGENCE(1MEH_MOA): 1.8500141440678
RMSD_CONVERGENCE(1MMV_3AR): 1.8500141440678
RMSD_CONVERGENCE(1N1M_A3M): 1.9387887086614
RMSD_CONVERGENCE(1N2J_PAF): 1.9387887086614
RMSD_CONVERGENCE(1PMN_984): 1.9298993073171
RMSD_CONVERGENCE(1Q1G_MTI): 1.9298993073171
RMSD_CONVERGENCE(1S3V_TQD): 1.8890320901639
RMSD_CONVERGENCE(1SG0_STL): 1.8890320901639
RMSD_CONVERGENCE(1SJ0_E4D): 1.8890320901639
RMSD_CONVERGENCE(1U1C_BAU): 1.8359545103448
RMSD_CONVERGENCE(1U4D_DBQ): 1.8359545103448
RMSD_CONVERGENCE(1UOU_CMU): 1.8034606449511
RMSD_CONVERGENCE(1V0P_PVB): 1.8034606449511
RMSD_CONVERGENCE(1XOQ_ROF): 1.81538225
RMSD_CONVERGENCE(1XOZ_CIA): 1.81538225

TOTAL_PROTEIN_NTH   NUM_FAIL    SUCCESS_RATE
85                  23          72.94%