RMSD_CONVERGENCE(1G9V_RQ3): 2.162904
RMSD_CONVERGENCE(1GKC_NFH): 1.5951662
RMSD_CONVERGENCE(1GM8_SOX): 1.7097801875
RMSD_CONVERGENCE(1GPK_HUP): 2.1692123043478
RMSD_CONVERGENCE(1HNN_SKF): 2.0183664482759
RMSD_CONVERGENCE(1HP0_AD3): 2.014085969697
RMSD_CONVERGENCE(1HQ2_PH2): 1.9832110857143
RMSD_CONVERGENCE(1HVY_D16): 1.9832110857143
RMSD_CONVERGENCE(1HWI_115): 1.8370664878049
RMSD_CONVERGENCE(1HWW_SWA): 1.8671127777778
RMSD_CONVERGENCE(1IA1_TQ3): 1.8375930612245
RMSD_CONVERGENCE(1IG3_VIB): 1.8375930612245
RMSD_CONVERGENCE(1J3J_CP6): 1.8375930612245
RMSD_CONVERGENCE(1JD0_AZM): 1.8302164285714
RMSD_CONVERGENCE(1JJE_BYS): 2.1165786666667
RMSD_CONVERGENCE(1JLA_TNK): 1.9200061594203
RMSD_CONVERGENCE(1K3U_IAD): 1.8893961052632
RMSD_CONVERGENCE(1KE5_LS1): 1.8153141744186
RMSD_CONVERGENCE(1KZK_JE2): 1.8268110816327
RMSD_CONVERGENCE(1L2S_STC): 1.8054083584906
RMSD_CONVERGENCE(1L7F_BCZ): 1.8054083584906
RMSD_CONVERGENCE(1LPZ_CMB): 1.7766537090909
RMSD_CONVERGENCE(1LRH_NLA): 1.7747675877193
RMSD_CONVERGENCE(1M2Z_DEX): 1.8500141440678
RMSD_CONVERGENCE(1MEH_MOA): 1.8500141440678
RMSD_CONVERGENCE(1MMV_3AR): 1.8500141440678
RMSD_CONVERGENCE(1MZC_BNE): 1.910544575
RMSD_CONVERGENCE(1N1M_A3M): 1.9387887086614
RMSD_CONVERGENCE(1N2J_PAF): 1.9387887086614
RMSD_CONVERGENCE(1N2V_BDI): 1.939946
RMSD_CONVERGENCE(1N46_PFA): 1.9113597304965
RMSD_CONVERGENCE(1NAV_IH5): 1.8759256
RMSD_CONVERGENCE(1OF1_SCT): 1.8585591933333
RMSD_CONVERGENCE(1OF6_DTY): 1.8189465125
RMSD_CONVERGENCE(1OPK_P16): 1.8018778231707
RMSD_CONVERGENCE(1OQ5_CEL): 1.8646161828571
RMSD_CONVERGENCE(1OWE_675): 1.8389798502674
RMSD_CONVERGENCE(1OYT_FSN): 1.8268621375661
RMSD_CONVERGENCE(1P2Y_NCT): 1.9284676969697
RMSD_CONVERGENCE(1P62_GEO): 1.9181842970297
RMSD_CONVERGENCE(1PMN_984): 1.9298993073171
RMSD_CONVERGENCE(1Q1G_MTI): 1.9298993073171
RMSD_CONVERGENCE(1Q41_IXM): 1.9447088792271
RMSD_CONVERGENCE(1Q4G_BFL): 1.9123707345972
RMSD_CONVERGENCE(1R1H_BIR): 1.8931468148148
RMSD_CONVERGENCE(1R55_097): 1.883329018018
RMSD_CONVERGENCE(1R58_AO5): 1.8963350530973
RMSD_CONVERGENCE(1R9O_FLP): 1.9043076708861
RMSD_CONVERGENCE(1S19_MC9): 1.9051524705882
RMSD_CONVERGENCE(1S3V_TQD): 1.8890320901639
RMSD_CONVERGENCE(1SG0_STL): 1.8890320901639
RMSD_CONVERGENCE(1SJ0_E4D): 1.8890320901639
RMSD_CONVERGENCE(1SQ5_PAU): 1.892362244898
RMSD_CONVERGENCE(1SQN_NDR): 1.8865389471545
RMSD_CONVERGENCE(1T40_ID5): 1.875692531746
RMSD_CONVERGENCE(1T46_STI): 1.857949255814
RMSD_CONVERGENCE(1T9B_1CS): 1.8519775496183
RMSD_CONVERGENCE(1TOW_CRZ): 1.837091494382
RMSD_CONVERGENCE(1TT1_KAI): 1.8475786579926
RMSD_CONVERGENCE(1TZ8_DES): 1.8178403943662
RMSD_CONVERGENCE(1U1C_BAU): 1.8359545103448
RMSD_CONVERGENCE(1U4D_DBQ): 1.8359545103448
RMSD_CONVERGENCE(1UML_FR4): 1.8257352668919
RMSD_CONVERGENCE(1UNL_RRC): 1.808642304918
RMSD_CONVERGENCE(1UOU_CMU): 1.8034606449511
RMSD_CONVERGENCE(1V0P_PVB): 1.8034606449511
RMSD_CONVERGENCE(1V48_HA1): 1.7897669556962
RMSD_CONVERGENCE(1V4S_MRK): 1.8021829223602
RMSD_CONVERGENCE(1VCJ_IBA): 1.7880594589666
RMSD_CONVERGENCE(1W1P_GIO): 1.7915023704819
RMSD_CONVERGENCE(1W2G_THM): 1.7865416130952
RMSD_CONVERGENCE(1X8X_TYR): 1.7689787296512
RMSD_CONVERGENCE(1XM6_5RM): 1.7874599774011
RMSD_CONVERGENCE(1XOQ_ROF): 1.81538225
RMSD_CONVERGENCE(1XOZ_CIA): 1.81538225
RMSD_CONVERGENCE(1Y6B_AAX): 1.8490783817204
RMSD_CONVERGENCE(1YGC_905): 1.8454723636364
RMSD_CONVERGENCE(1YQY_915): 1.8341022787724
RMSD_CONVERGENCE(1YV3_BIT): 1.8499919873418
RMSD_CONVERGENCE(1YVF_PH7): 1.8402443208955
RMSD_CONVERGENCE(1YWR_LI9): 1.8286388746929
RMSD_CONVERGENCE(1Z95_198): 1.8193795231144
RMSD_CONVERGENCE(2BM2_PM2): 1.8274166690307
RMSD_CONVERGENCE(2BR1_PFP): 1.8286978761682
RMSD_CONVERGENCE(2BSM_BSM): 1.8225819651972
