RMSD_CONVERGENCE(1G9V_RQ3): 2.1952725
RMSD_CONVERGENCE(1GKC_NFH): 1.5941867027027
RMSD_CONVERGENCE(1GM8_SOX): 1.6770617435897
RMSD_CONVERGENCE(1GPK_HUP): 1.9346702692308
RMSD_CONVERGENCE(1HNN_SKF): 1.8398387837838
RMSD_CONVERGENCE(1HP0_AD3): 1.8255593417722
RMSD_CONVERGENCE(1HQ2_PH2): 1.7931290238095
RMSD_CONVERGENCE(1HVY_D16): 1.7931290238095
RMSD_CONVERGENCE(1HWI_115): 1.6013932831858
RMSD_CONVERGENCE(1HWW_SWA): 1.6254385081967
RMSD_CONVERGENCE(1IA1_TQ3): 1.6488990294118
RMSD_CONVERGENCE(1IG3_VIB): 2.2037857902098
RMSD_CONVERGENCE(1J3J_CP6): 2.1923783472222
RMSD_CONVERGENCE(1JD0_AZM): 2.1301888488372
RMSD_CONVERGENCE(1JJE_BYS): 2.6043349042553
RMSD_CONVERGENCE(1JLA_TNK): 2.3691381581395
RMSD_CONVERGENCE(1K3U_IAD): 2.3089462511013
RMSD_CONVERGENCE(1KE5_LS1): 2.1767297204724
RMSD_CONVERGENCE(1KZK_JE2): 2.1502462285714
RMSD_CONVERGENCE(1L2S_STC): 2.116604137931
RMSD_CONVERGENCE(1L7F_BCZ): 2.116604137931
RMSD_CONVERGENCE(1LPZ_CMB): 2.0905515
RMSD_CONVERGENCE(1LRH_NLA): 2.0844724285714
RMSD_CONVERGENCE(1M2Z_DEX): 2.0740942421384
RMSD_CONVERGENCE(1MEH_MOA): 2.0740942421384
RMSD_CONVERGENCE(1MMV_3AR): 2.0740942421384
RMSD_CONVERGENCE(1MZC_BNE): 2.1159797795031
RMSD_CONVERGENCE(1N1M_A3M): 2.0954136676218
RMSD_CONVERGENCE(1N2J_PAF): 2.2785432577904
RMSD_CONVERGENCE(1N2V_BDI): 2.2576932927461
RMSD_CONVERGENCE(1N46_PFA): 2.2228799823232
RMSD_CONVERGENCE(1NAV_IH5): 2.168294540146
RMSD_CONVERGENCE(1OF1_SCT): 2.147693820331
RMSD_CONVERGENCE(1OF6_DTY): 2.0914659355556
RMSD_CONVERGENCE(1OPK_P16): 2.1081677765957
RMSD_CONVERGENCE(1OQ5_CEL): 2.123048348
RMSD_CONVERGENCE(1OWE_675): 2.0908328854962
RMSD_CONVERGENCE(1OYT_FSN): 2.0792376037736
RMSD_CONVERGENCE(1P2Y_NCT): 2.1481164181818
RMSD_CONVERGENCE(1P62_GEO): 2.1377611765766
RMSD_CONVERGENCE(1PMN_984): 2.1423887115385
RMSD_CONVERGENCE(1Q1G_MTI): 2.1423887115385
RMSD_CONVERGENCE(1Q41_IXM): 2.1914227893836
RMSD_CONVERGENCE(1Q4G_BFL): 2.2118190280066
RMSD_CONVERGENCE(1R1H_BIR): 2.183564477492
RMSD_CONVERGENCE(1R55_097): 2.1705516430818
RMSD_CONVERGENCE(1R58_AO5): 2.1705516430818
RMSD_CONVERGENCE(1R9O_FLP): 2.1868749376855
RMSD_CONVERGENCE(1S19_MC9): 2.1868749376855
RMSD_CONVERGENCE(1S3V_TQD): 2.153640465616
RMSD_CONVERGENCE(1SG0_STL): 2.15243995
RMSD_CONVERGENCE(1SJ0_E4D): 2.15243995
RMSD_CONVERGENCE(1SQ5_PAU): 2.1577571968616
RMSD_CONVERGENCE(1SQN_NDR): 2.1452928132956
RMSD_CONVERGENCE(1T40_ID5): 2.1189570923913
RMSD_CONVERGENCE(1T46_STI): 2.1000363502674
RMSD_CONVERGENCE(1T9B_1CS): 2.0893701640212
RMSD_CONVERGENCE(1TOW_CRZ): inf
RMSD_CONVERGENCE(1TT1_KAI): inf
RMSD_CONVERGENCE(1TZ8_DES): inf
RMSD_CONVERGENCE(1U1C_BAU): inf
RMSD_CONVERGENCE(1U4D_DBQ): inf
RMSD_CONVERGENCE(1UML_FR4): inf
RMSD_CONVERGENCE(1UNL_RRC): inf
RMSD_CONVERGENCE(1UOU_CMU): inf
RMSD_CONVERGENCE(1V0P_PVB): inf
RMSD_CONVERGENCE(1V48_HA1): inf
RMSD_CONVERGENCE(1V4S_MRK): inf


# << DISCONTINUED >>