RMSD_CONVERGENCE(1G9V_RQ3): 5.147698
RMSD_CONVERGENCE(1GKC_NFH): 3.7428011111111
RMSD_CONVERGENCE(1GM8_SOX): 3.6599053846154
RMSD_CONVERGENCE(1GPK_HUP): 3.3357385625
RMSD_CONVERGENCE(1HNN_SKF): 2.9298332105263
RMSD_CONVERGENCE(1HP0_AD3): 2.8013086363636
RMSD_CONVERGENCE(1HQ2_PH2): 2.87922084
RMSD_CONVERGENCE(1HVY_D16): 3.5412263666667
RMSD_CONVERGENCE(1HWI_115): 3.2587214705882
RMSD_CONVERGENCE(1HWW_SWA): 3.2424033333333
RMSD_CONVERGENCE(1IA1_TQ3): 3.2093
RMSD_CONVERGENCE(1IG3_VIB): 3.8091428571429
RMSD_CONVERGENCE(1J3J_CP6): 3.84592
RMSD_CONVERGENCE(1JD0_AZM): 3.7133739583333
RMSD_CONVERGENCE(1JJE_BYS): 3.7897801923077
RMSD_CONVERGENCE(1JLA_TNK): 3.5584846071429
RMSD_CONVERGENCE(1K3U_IAD): 3.4264417833333
RMSD_CONVERGENCE(1KE5_LS1): 3.2476323384615
RMSD_CONVERGENCE(1KZK_JE2): 3.1256833142857
RMSD_CONVERGENCE(1L2S_STC): 3.0613424657534
RMSD_CONVERGENCE(1L7F_BCZ): 3.1154851315789
RMSD_CONVERGENCE(1LPZ_CMB): 3.2244347777778
RMSD_CONVERGENCE(1LRH_NLA): 3.1398954047619
RMSD_CONVERGENCE(1M2Z_DEX): 3.2473372386364
RMSD_CONVERGENCE(1MEH_MOA): 3.3157511758242
RMSD_CONVERGENCE(1MMV_3AR): 3.5321277340426
RMSD_CONVERGENCE(1MZC_BNE): 3.580109255102
RMSD_CONVERGENCE(1N1M_A3M): 3.5110243069307
RMSD_CONVERGENCE(1N2J_PAF): 3.7855364563107
RMSD_CONVERGENCE(1N2V_BDI): 3.7435520283019
RMSD_CONVERGENCE(1N46_PFA): 3.6418528636364
RMSD_CONVERGENCE(1NAV_IH5): 3.5369746842105
RMSD_CONVERGENCE(1OF1_SCT): 3.5034071282051
RMSD_CONVERGENCE(1OF6_DTY): 3.4418273
RMSD_CONVERGENCE(1OPK_P16): 3.363498576
RMSD_CONVERGENCE(1OQ5_CEL): 3.2998332635659
RMSD_CONVERGENCE(1OWE_675): 3.230356556391
RMSD_CONVERGENCE(1OYT_FSN): 3.2511688613139
RMSD_CONVERGENCE(1P2Y_NCT): 3.2618456402878
RMSD_CONVERGENCE(1P62_GEO): 3.2548344647887
RMSD_CONVERGENCE(1PMN_984): 3.2968567619048
RMSD_CONVERGENCE(1Q1G_MTI): 3.3367069864865
RMSD_CONVERGENCE(1Q41_IXM): 3.3604498940397
RMSD_CONVERGENCE(1Q4G_BFL): 3.2991745454545
RMSD_CONVERGENCE(1R1H_BIR): 3.2334963899371
RMSD_CONVERGENCE(1R55_097): 3.2154346380368
RMSD_CONVERGENCE(1R58_AO5): 3.2002114730539
RMSD_CONVERGENCE(1R9O_FLP): 3.1500661111111
RMSD_CONVERGENCE(1S19_MC9): 3.2023336079545
RMSD_CONVERGENCE(1S3V_TQD): 3.1472896833333
RMSD_CONVERGENCE(1SG0_STL): 3.1522540380435
RMSD_CONVERGENCE(1SJ0_E4D): 3.1943220904255
RMSD_CONVERGENCE(1SQ5_PAU): 3.1862627382199
RMSD_CONVERGENCE(1SQN_NDR): 3.1582875803109
RMSD_CONVERGENCE(1T40_ID5): 3.1252657817259
RMSD_CONVERGENCE(1T46_STI): 3.0872032139303
RMSD_CONVERGENCE(1T9B_1CS): 3.0622263853659
RMSD_CONVERGENCE(1TOW_CRZ): 3.0301356778846
RMSD_CONVERGENCE(1TT1_KAI): 3.0377367345972
RMSD_CONVERGENCE(1TZ8_DES): 3.023544144186
RMSD_CONVERGENCE(1U1C_BAU): 2.9912529495413
RMSD_CONVERGENCE(1U4D_DBQ): 3.0157644479638
RMSD_CONVERGENCE(1UML_FR4): 2.9743651858407
RMSD_CONVERGENCE(1UNL_RRC): 2.9421849652174
RMSD_CONVERGENCE(1UOU_CMU): 2.9476668154506
RMSD_CONVERGENCE(1V0P_PVB): 2.9476668154506
RMSD_CONVERGENCE(1V48_HA1): 2.9163740295359
RMSD_CONVERGENCE(1V4S_MRK): 2.8918283443983
RMSD_CONVERGENCE(1VCJ_IBA): 2.8680578032787
RMSD_CONVERGENCE(1W1P_GIO): 2.8589648333333
RMSD_CONVERGENCE(1W2G_THM): 2.8542460441767
RMSD_CONVERGENCE(1X8X_TYR): 2.8653755119048
RMSD_CONVERGENCE(1XM6_5RM): 2.8468372823529
RMSD_CONVERGENCE(1XOQ_ROF): 2.8403363899614
RMSD_CONVERGENCE(1XOZ_CIA): 2.8571594334601
RMSD_CONVERGENCE(1Y6B_AAX): 2.913049630597
RMSD_CONVERGENCE(1YGC_905): 2.9131071098901
RMSD_CONVERGENCE(1YQY_915): 2.8859835848375
RMSD_CONVERGENCE(1YV3_BIT): 2.8815633357143
RMSD_CONVERGENCE(1YVF_PH7): 2.8880951866197
RMSD_CONVERGENCE(1YWR_LI9): 2.89560984375
RMSD_CONVERGENCE(1Z95_198): 2.8710727260274
RMSD_CONVERGENCE(2BM2_PM2): 2.8862796262626
RMSD_CONVERGENCE(2BR1_PFP): 2.9173261760797
RMSD_CONVERGENCE(2BSM_BSM): 2.8946391114754
